guam_flood/data/GUAM_flood_UTM_5m.dem.asc
ncols		562
nrows		284
xllcorner	246877.290775
yllcorner	1488880.840658
cellsize	5.000000
NODATA_value	-9999
[rows 217 to 247 of 284, columns 345 to 413 of 562]
2.389 2.049 1.871 1.729 1.652 1.589 1.594 1.616 1.630 1.641 1.581 1.502 1.407 1.308 1.301 1.320 1.366 1.419 1.396 1.352 1.395 1.463 1.485 1.493 1.475 1.447 1.382 1.305 1.277 1.266 1.226 1.176 1.138 1.104 1.100 1.107 1.070 1.015 1.000 1.000 0.973 0.936 0.932 0.942 0.967 1.000 0.969 0.910 0.886 0.878 0.853 0.820 0.827 0.852 0.859 0.858 0.881 0.919 0.937 0.945 0.945 0.940 0.959 0.990 1.023 1.057 1.100 1.148 1.184
2.473 2.185 1.982 1.797 1.692 1.605 1.581 1.571 1.567 1.565 1.512 1.447 1.392 1.338 1.333 1.340 1.361 1.385 1.355 1.310 1.350 1.414 1.436 1.446 1.419 1.382 1.306 1.218 1.186 1.173 1.128 1.072 1.042 1.021 1.027 1.044 1.031 1.007 0.999 0.998 0.963 0.915 0.905 0.910 0.932 0.962 0.923 0.855 0.824 0.809 0.784 0.755 0.772 0.810 0.814 0.802 0.826 0.866 0.880 0.882 0.884 0.887 0.918 0.963 0.993 1.015 1.054 1.103 1.125
2.559 2.323 2.092 1.863 1.732 1.620 1.567 1.526 1.505 1.487 1.442 1.391 1.377 1.371 1.364 1.358 1.349 1.339 1.306 1.266 1.302 1.359 1.388 1.409 1.374 1.323 1.234 1.133 1.096 1.078 1.026 0.963 0.944 0.940 0.960 0.987 1.006 1.019 1.008 0.988 0.946 0.896 0.878 0.871 0.879 0.894 0.861 0.808 0.763 0.721 0.699 0.685 0.731 0.804 0.802 0.768 0.801 0.865 0.868 0.842 0.832 0.831 0.876 0.944 0.973 0.982 1.006 1.040 1.042
2.436 2.230 2.045 1.863 1.735 1.617 1.551 1.496 1.448 1.402 1.364 1.327 1.310 1.298 1.293 1.289 1.272 1.253 1.235 1.217 1.253 1.304 1.325 1.338 1.304 1.256 1.188 1.114 1.072 1.041 0.970 0.888 0.869 0.870 0.906 0.952 0.987 1.018 1.002 0.969 0.918 0.860 0.829 0.806 0.796 0.791 0.773 0.749 0.703 0.648 0.623 0.611 0.659 0.733 0.747 0.735 0.774 0.838 0.827 0.781 0.775 0.786 0.839 0.913 0.943 0.949 0.962 0.980 0.970
2.312 2.132 1.994 1.862 1.737 1.613 1.536 1.468 1.391 1.315 1.285 1.263 1.237 1.209 1.204 1.204 1.184 1.158 1.159 1.166 1.203 1.248 1.257 1.257 1.225 1.185 1.152 1.119 1.074 1.025 0.932 0.828 0.805 0.805 0.859 0.928 0.973 1.010 0.987 0.944 0.882 0.813 0.765 0.724 0.690 0.660 0.665 0.681 0.644 0.587 0.555 0.534 0.555 0.595 0.648 0.706 0.745 0.776 0.749 0.696 0.710 0.756 0.808 0.863 0.896 0.917 0.924 0.925 0.918
2.156 2.023 1.907 1.793 1.663 1.530 1.432 1.340 1.262 1.186 1.162 1.147 1.137 1.127 1.131 1.138 1.120 1.098 1.113 1.135 1.163 1.194 1.185 1.166 1.128 1.084 1.077 1.078 1.030 0.970 0.889 0.803 0.796 0.811 0.852 0.901 0.930 0.954 0.940 0.913 0.861 0.801 0.741 0.681 0.630 0.583 0.579 0.592 0.569 0.533 0.500 0.470 0.474 0.492 0.565 0.662 0.705 0.727 0.703 0.659 0.684 0.739 0.783 0.821 0.853 0.881 0.882 0.869 0.864
1.999 1.913 1.816 1.717 1.581 1.439 1.317 1.198 1.121 1.051 1.032 1.021 1.032 1.047 1.061 1.075 1.064 1.047 1.074 1.110 1.127 1.140 1.110 1.071 1.022 0.971 0.986 1.015 0.965 0.895 0.844 0.797 0.820 0.860 0.868 0.870 0.867 0.865 0.870 0.878 0.853 0.818 0.750 0.673 0.611 0.554 0.515 0.482 0.479 0.487 0.460 0.422 0.421 0.432 0.503 0.595 0.653 0.697 0.706 0.701 0.718 0.744 0.770 0.795 0.816 0.835 0.829 0.813 0.803
1.760 1.684 1.601 1.517 1.421 1.322 1.230 1.140 1.058 0.977 0.967 0.968 0.979 0.991 0.991 0.988 0.991 0.995 1.013 1.035 1.033 1.026 1.005 0.981 0.939 0.893 0.908 0.936 0.902 0.852 0.815 0.782 0.816 0.867 0.853 0.822 0.798 0.776 0.789 0.812 0.793 0.762 0.696 0.619 0.560 0.508 0.446 0.381 0.381 0.401 0.388 0.362 0.368 0.385 0.455 0.544 0.608 0.664 0.698 0.723 0.737 0.746 0.758 0.771 0.781 0.789 0.775 0.750 0.731
1.511 1.438 1.368 1.298 1.248 1.201 1.151 1.100 1.011 0.917 0.920 0.936 0.940 0.943 0.920 0.893 0.913 0.941 0.943 0.940 0.914 0.884 0.887 0.896 0.868 0.833 0.837 0.848 0.841 0.829 0.797 0.760 0.794 0.844 0.813 0.761 0.722 0.687 0.696 0.717 0.684 0.636 0.577 0.515 0.475 0.442 0.373 0.293 0.269 0.263 0.271 0.283 0.316 0.356 0.431 0.519 0.575 0.621 0.665 0.707 0.728 0.741 0.747 0.751 0.750 0.747 0.714 0.669 0.624
1.367 1.313 1.248 1.182 1.142 1.106 1.064 1.022 0.953 0.879 0.870 0.870 0.871 0.872 0.831 0.785 0.807 0.839 0.844 0.843 0.833 0.820 0.824 0.830 0.805 0.773 0.782 0.799 0.811 0.823 0.800 0.771 0.779 0.798 0.759 0.707 0.659 0.612 0.607 0.613 0.566 0.507 0.459 0.414 0.387 0.365 0.304 0.231 0.191 0.160 0.185 0.225 0.278 0.335 0.409 0.488 0.541 0.584 0.633 0.686 0.711 0.725 0.729 0.730 0.722 0.711 0.664 0.601 0.535
1.242 1.211 1.152 1.089 1.052 1.018 0.976 0.934 0.892 0.848 0.820 0.793 0.791 0.792 0.736 0.673 0.688 0.715 0.731 0.746 0.772 0.799 0.791 0.776 0.746 0.712 0.739 0.776 0.803 0.828 0.822 0.809 0.771 0.729 0.694 0.661 0.609 0.552 0.521 0.497 0.439 0.374 0.340 0.314 0.293 0.273 0.243 0.210 0.164 0.115 0.147 0.203 0.264 0.326 0.387 0.448 0.504 0.558 0.605 0.650 0.668 0.677 0.691 0.707 0.706 0.699 0.650 0.586 0.517
1.132 1.086 1.026 0.965 0.931 0.898 0.865 0.832 0.829 0.828 0.789 0.746 0.740 0.738 0.670 0.594 0.613 0.644 0.659 0.672 0.690 0.710 0.696 0.676 0.656 0.636 0.678 0.731 0.761 0.788 0.803 0.815 0.757 0.686 0.650 0.622 0.568 0.508 0.447 0.386 0.323 0.258 0.232 0.215 0.195 0.173 0.167 0.165 0.124 0.073 0.111 0.174 0.244 0.316 0.369 0.416 0.469 0.526 0.571 0.613 0.631 0.641 0.662 0.687 0.692 0.688 0.641 0.579 0.508
1.024 0.954 0.892 0.831 0.799 0.768 0.746 0.724 0.766 0.812 0.767 0.713 0.702 0.696 0.618 0.533 0.563 0.605 0.611 0.612 0.594 0.574 0.558 0.542 0.544 0.549 0.603 0.665 0.689 0.706 0.745 0.787 0.739 0.673 0.629 0.589 0.538 0.484 0.387 0.283 0.221 0.168 0.139 0.117 0.089 0.060 0.064 0.075 0.061 0.039 0.076 0.127 0.210 0.301 0.358 0.405 0.439 0.471 0.519 0.573 0.612 0.646 0.666 0.682 0.687 0.687 0.656 0.614 0.556
0.880 0.817 0.769 0.721 0.700 0.680 0.660 0.640 0.678 0.721 0.688 0.647 0.634 0.624 0.559 0.488 0.515 0.552 0.551 0.546 0.504 0.459 0.441 0.426 0.443 0.465 0.523 0.588 0.616 0.639 0.696 0.757 0.726 0.678 0.632 0.585 0.521 0.454 0.336 0.208 0.138 0.079 0.039 0.003 0.000 0.000 0.000 0.000 0.000 0.000 0.031 0.077 0.174 0.283 0.344 0.392 0.412 0.425 0.474 0.535 0.591 0.646 0.668 0.680 0.687 0.693 0.676 0.653 0.606
0.725 0.678 0.649 0.620 0.615 0.610 0.589 0.567 0.578 0.590 0.579 0.565 0.549 0.533 0.495 0.455 0.469 0.489 0.483 0.474 0.419 0.361 0.342 0.327 0.353 0.384 0.439 0.497 0.545 0.591 0.655 0.723 0.721 0.707 0.667 0.623 0.523 0.414 0.299 0.182 0.085 0.000 0.000 0.000 0.000 0.000 0.000 0.000 0.000 0.000 0.000 0.019 0.130 0.254 0.323 0.376 0.399 0.413 0.454 0.503 0.559 0.616 0.657 0.693 0.719 0.742 0.730 0.706 0.665
0.625 0.567 0.537 0.508 0.506 0.505 0.493 0.480 0.479 0.479 0.487 0.495 0.489 0.482 0.461 0.439 0.438 0.438 0.423 0.406 0.331 0.252 0.235 0.225 0.245 0.268 0.330 0.397 0.467 0.536 0.617 0.698 0.719 0.732 0.703 0.668 0.548 0.415 0.299 0.185 0.047 0.000 0.000 0.000 0.000 0.000 0.000 0.000 0.000 0.000 0.000 0.000 0.104 0.233 0.302 0.358 0.381 0.397 0.431 0.471 0.531 0.596 0.656 0.715 0.758 0.797 0.787 0.763 0.727
0.548 0.468 0.428 0.390 0.384 0.379 0.381 0.384 0.382 0.380 0.406 0.433 0.448 0.461 0.451 0.438 0.418 0.398 0.370 0.342 0.239 0.131 0.122 0.122 0.116 0.111 0.193 0.285 0.379 0.473 0.580 0.688 0.724 0.750 0.740 0.726 0.618 0.496 0.372 0.247 0.038 0.000 0.000 0.000 0.000 0.000 0.000 0.000 0.000 0.000 0.000 0.054 0.145 0.240 0.289 0.327 0.344 0.356 0.391 0.433 0.538 0.658 0.740 0.812 0.861 0.903 0.898 0.879 0.849
0.526 0.426 0.348 0.270 0.248 0.228 0.242 0.257 0.266 0.274 0.312 0.351 0.396 0.441 0.443 0.443 0.428 0.411 0.364 0.315 0.175 0.030 0.000 0.000 0.000 0.000 0.065 0.187 0.300 0.413 0.551 0.691 0.747 0.792 0.798 0.799 0.702 0.592 0.453 0.310 0.038 0.000 0.000 0.000 0.000 0.000 0.000 0.000 0.000 0.000 0.035 0.109 0.173 0.235 0.267 0.293 0.307 0.318 0.357 0.401 0.549 0.720 0.824 0.910 0.965 1.011 1.011 0.998 0.972
0.532 0.418 0.282 0.148 0.104 0.061 0.084 0.108 0.136 0.163 0.207 0.252 0.336 0.421 0.439 0.454 0.468 0.482 0.409 0.332 0.145 0.000 0.000 0.000 0.000 0.000 0.000 0.112 0.236 0.356 0.535 0.719 0.807 0.885 0.899 0.905 0.820 0.723 0.554 0.377 0.067 0.000 0.000 0.000 0.000 0.000 0.000 0.010 0.058 0.084 0.094 0.102 0.126 0.153 0.194 0.237 0.276 0.314 0.375 0.440 0.600 0.781 0.907 1.020 1.106 1.185 1.236 1.280 1.238
0.572 0.398 0.197 0.000 0.000 0.000 0.000 0.000 0.039 0.119 0.163 0.206 0.304 0.404 0.439 0.472 0.522 0.573 0.488 0.398 0.162 0.000 0.000 0.000 0.000 0.000 0.000 0.040 0.190 0.335 0.545 0.760 0.870 0.970 1.001 1.024 0.950 0.864 0.671 0.465 0.135 0.000 0.000 0.000 0.000 0.000 0.000 0.167 0.197 0.205 0.154 0.095 0.081 0.074 0.124 0.184 0.248 0.312 0.398 0.487 0.654 0.840 0.990 1.131 1.247 1.358 1.462 1.563 1.503
0.634 0.368 0.095 0.000 0.000 0.000 0.000 0.000 0.000 0.142 0.179 0.214 0.301 0.390 0.444 0.498 0.594 0.690 0.615 0.534 0.249 0.000 0.000 0.000 0.000 0.000 0.000 0.000 0.181 0.389 0.609 0.830 0.938 1.036 1.110 1.180 1.116 1.038 0.836 0.620 0.347 0.068 0.000 0.000 0.000 0.243 0.366 0.461 0.419 0.359 0.238 0.108 0.061 0.029 0.085 0.156 0.247 0.342 0.529 0.732 0.779 0.798 0.971 1.174 1.419 1.670 1.861 2.038 1.959
0.767 0.315 0.000 0.000 0.000 0.000 0.000 0.000 0.000 0.253 0.282 0.311 0.333 0.357 0.452 0.546 0.698 0.850 0.813 0.769 0.441 0.104 0.000 0.000 0.000 0.000 0.000 0.000 0.173 0.422 0.661 0.900 1.025 1.141 1.246 1.351 1.289 1.213 1.019 0.812 0.580 0.346 0.211 0.088 0.372 0.700 0.743 0.754 0.644 0.518 0.327 0.126 0.046 0.000 0.050 0.133 0.250 0.373 0.663 0.980 0.900 0.752 0.953 1.219 1.594 1.988 2.267 2.521 2.424
0.957 0.243 0.000 0.000 0.000 0.000 0.000 0.000 0.086 0.463 0.492 0.521 0.407 0.296 0.462 0.626 0.853 1.079 1.131 1.179 0.822 0.457 0.000 0.000 0.000 0.000 0.000 0.000 0.163 0.394 0.680 0.968 1.176 1.377 1.477 1.570 1.486 1.389 1.283 1.175 0.902 0.616 0.423 0.240 0.696 1.215 1.163 1.049 0.900 0.747 0.500 0.242 0.107 0.000 0.121 0.287 0.406 0.519 1.165 1.888 1.376 0.668 0.851 1.189 1.785 2.423 2.796 3.116 2.874
1.286 0.156 0.000 0.000 0.000 0.000 0.000 0.000 0.302 0.825 0.818 0.809 0.507 0.212 0.483 0.750 1.000 1.252 1.426 1.596 1.234 0.863 0.333 0.000 0.000 0.000 0.000 0.000 0.161 0.378 0.713 1.052 1.335 1.615 1.711 1.797 1.663 1.518 1.529 1.546 1.226 0.880 0.626 0.382 0.967 1.638 1.532 1.338 1.158 0.979 0.677 0.360 0.168 0.000 0.194 0.442 0.562 0.664 1.675 2.811 1.849 0.572 0.747 1.157 1.981 2.872 3.336 3.723 3.320
1.750 0.056 0.000 0.000 0.000 0.000 0.000 0.000 0.681 1.404 1.316 1.220 0.646 0.092 0.523 0.950 1.130 1.312 1.673 2.030 1.717 1.400 0.712 0.023 0.000 0.000 0.000 0.000 0.187 0.402 0.797 1.198 1.528 1.855 1.965 2.063 1.728 1.373 1.649 1.959 1.559 1.113 0.767 0.430 0.601 0.822 1.188 1.557 1.464 1.326 1.003 0.660 0.491 0.340 0.506 0.710 1.220 1.760 2.508 3.291 2.588 1.665 1.342 1.123 2.290 3.666 3.797 3.731 3.392
2.594 0.497 0.394 0.308 0.431 0.540 0.422 0.342 1.101 1.836 1.786 1.711 0.977 0.272 0.797 1.311 1.245 1.198 1.688 2.175 1.997 1.813 1.040 0.264 0.255 0.248 0.140 0.035 0.242 0.455 0.883 1.318 1.699 2.078 2.177 2.270 1.752 1.208 1.723 2.295 1.844 1.328 0.901 0.479 0.260 0.045 0.873 1.788 1.771 1.674 1.329 0.960 0.813 0.688 0.820 0.980 1.903 2.906 3.350 3.734 3.355 2.869 1.993 1.076 2.621 4.515 4.238 3.637 3.405
3.917 1.627 1.234 0.888 1.155 1.396 1.255 1.145 1.582 2.013 2.209 2.366 1.701 1.075 1.572 2.036 1.321 0.643 1.089 1.531 1.693 1.841 1.213 0.585 0.692 0.796 0.500 0.206 0.424 0.646 0.968 1.293 1.737 2.182 2.103 2.014 1.465 0.902 1.257 1.653 1.490 1.295 0.957 0.610 0.977 1.376 2.035 2.715 2.452 2.122 1.601 1.067 1.087 1.152 0.880 0.584 1.381 2.293 2.578 2.795 2.323 1.773 1.562 1.376 2.730 4.300 4.334 4.139 3.850
4.201 2.180 1.571 1.036 1.405 1.742 1.627 1.527 1.663 1.819 2.243 2.618 2.120 1.654 2.062 2.418 1.285 0.195 0.579 0.965 1.381 1.781 1.331 0.883 1.069 1.252 0.823 0.392 0.609 0.829 1.049 1.271 1.759 2.253 2.011 1.755 1.188 0.611 0.804 1.022 1.147 1.268 1.014 0.742 1.705 2.719 3.192 3.638 3.131 2.567 1.869 1.164 1.362 1.627 0.913 0.127 0.748 1.501 1.622 1.683 1.044 0.333 0.976 1.756 2.789 3.863 4.368 4.789 4.397
2.922 1.827 1.086 0.439 0.805 1.140 1.108 1.065 0.906 0.799 1.371 1.900 1.767 1.641 1.757 1.831 0.941 0.093 0.374 0.659 1.016 1.359 1.198 1.039 1.146 1.248 0.965 0.683 0.816 0.951 1.120 1.289 1.614 1.943 1.728 1.508 1.082 0.649 0.751 0.865 0.991 1.116 1.096 1.066 1.834 2.639 2.960 3.262 2.867 2.432 1.872 1.302 1.381 1.507 0.940 0.318 0.653 1.072 1.108 1.111 0.691 0.225 0.949 1.797 2.766 3.749 4.560 5.347 5.040
1.792 1.391 0.663 0.024 0.330 0.615 0.645 0.646 0.315 0.052 0.683 1.283 1.430 1.561 1.449 1.308 0.658 0.045 0.225 0.411 0.702 0.987 1.076 1.163 1.205 1.242 1.096 0.953 1.008 1.065 1.184 1.303 1.468 1.634 1.449 1.264 0.978 0.690 0.696 0.706 0.834 0.964 1.181 1.396 1.948 2.515 2.673 2.819 2.549 2.259 1.857 1.446 1.370 1.316 0.971 0.604 0.633 0.697 0.672 0.641 0.533 0.413 1.046 1.750 2.725 3.726 4.801 5.879 5.718
0.913 0.799 0.373 0.000 0.133 0.263 0.320 0.356 0.184 0.063 0.524 0.966 1.128 1.270 1.152 1.017 0.612 0.233 0.341 0.455 0.669 0.878 0.984 1.088 1.151 1.209 1.113 1.021 1.050 1.081 1.163 1.246 1.349 1.449 1.290 1.129 0.920 0.711 0.663 0.618 0.731 0.846 1.072 1.299 1.690 2.088 2.209 2.323 2.170 2.007 1.713 1.412 1.307 1.212 0.961 0.701 0.648 0.609 0.592 0.576 0.597 0.619 1.054 1.527 2.231 2.963 4.530 6.164 5.977
