guam_flood/data/GUAM_flood_UTM_5m.dem.asc
ncols		562
nrows		284
xllcorner	246877.290775
yllcorner	1488880.840658
cellsize	5.000000
NODATA_value	-9999
[rows 248 to 278 of 284, columns 483 to 551 of 562]
4.008 3.424 3.180 3.099 3.146 3.250 3.108 2.853 2.689 2.568 2.572 2.638 2.769 2.934 2.812 2.538 2.575 2.775 2.642 2.333 2.350 2.541 2.290 1.793 1.683 1.794 1.937 2.102 2.158 2.146 2.336 2.652 2.668 2.487 2.450 2.511 2.924 3.575 4.354 5.190 6.794 8.996 8.657 6.418 5.146 4.643 4.940 5.837 5.860 5.179 5.265 5.983 5.959 5.314 5.753 7.115 7.754 7.763 7.983 8.397 8.754 9.041 8.722 7.838 7.429 7.473 6.740 5.260 5.979
4.018 4.649 4.386 3.771 3.534 3.457 3.264 3.017 2.860 2.744 2.737 2.780 2.796 2.803 2.794 2.774 2.964 3.261 3.049 2.578 2.679 3.080 2.672 1.831 1.713 1.994 2.152 2.241 2.239 2.184 2.353 2.657 2.772 2.766 2.734 2.689 3.044 3.660 5.642 8.510 9.779 9.999 9.646 8.850 7.098 4.698 4.068 4.733 5.094 5.210 5.497 5.929 5.860 5.386 5.880 7.166 7.771 7.802 7.794 7.759 8.278 9.269 9.459 8.930 8.961 9.505 8.692 6.612 5.833
4.182 4.303 3.999 3.522 3.536 3.744 3.473 3.006 2.838 2.796 2.761 2.729 2.748 2.788 2.691 2.533 2.657 2.916 2.884 2.701 2.723 2.856 2.631 2.207 2.149 2.296 2.353 2.359 2.394 2.442 2.585 2.787 2.939 3.058 3.399 3.864 4.376 4.926 6.956 9.953 10.888 10.451 10.117 9.857 8.293 5.804 4.834 4.967 5.212 5.536 5.868 6.203 6.138 5.767 6.178 7.214 7.750 7.876 7.878 7.772 8.265 9.282 9.586 9.260 9.404 9.976 9.268 7.364 6.162
4.337 3.928 3.578 3.246 3.527 4.041 3.681 2.977 2.800 2.838 2.768 2.654 2.691 2.790 2.569 2.208 2.221 2.407 2.606 2.804 2.691 2.434 2.490 2.689 2.702 2.627 2.549 2.470 2.579 2.786 2.900 2.967 3.134 3.357 4.259 5.550 6.339 6.832 8.254 10.264 10.869 10.571 10.231 9.868 8.983 7.728 6.856 6.268 6.055 6.103 6.369 6.789 6.780 6.455 6.652 7.251 7.688 7.993 8.306 8.622 8.833 8.977 8.839 8.455 8.155 7.937 7.594 7.113 7.433
4.478 3.868 3.580 3.404 3.518 3.746 3.428 2.896 2.793 2.858 2.764 2.605 2.638 2.751 2.584 2.295 2.322 2.489 2.581 2.642 2.544 2.366 2.440 2.640 2.686 2.653 2.673 2.717 2.970 3.331 3.524 3.626 3.827 4.083 5.046 6.415 7.269 7.820 8.969 10.477 10.794 10.388 9.923 9.420 8.902 8.371 7.708 6.956 6.887 7.270 7.523 7.702 7.484 6.985 6.923 7.180 7.530 7.947 8.431 8.968 8.944 8.483 7.904 7.238 7.030 7.152 7.369 7.701 8.889
4.614 3.826 3.617 3.603 3.503 3.380 3.123 2.812 2.789 2.876 2.757 2.559 2.586 2.703 2.633 2.484 2.560 2.732 2.622 2.395 2.366 2.421 2.416 2.389 2.454 2.560 2.770 3.028 3.459 3.974 4.305 4.540 4.792 5.052 5.777 6.760 7.537 8.195 9.285 10.625 10.672 9.964 9.269 8.582 8.137 7.836 7.469 7.057 7.727 9.088 9.382 8.981 8.256 7.312 6.941 6.970 7.234 7.663 8.091 8.520 8.336 7.691 6.632 5.261 6.193 8.907 10.083 10.042 10.698
3.975 3.101 3.023 3.200 3.283 3.332 3.189 2.981 2.858 2.768 2.647 2.512 2.520 2.583 2.581 2.552 2.582 2.638 2.557 2.415 2.419 2.488 2.454 2.374 2.670 3.128 3.450 3.712 4.215 4.832 5.032 5.034 5.306 5.707 6.439 7.343 8.052 8.659 9.355 10.113 9.892 9.110 8.371 7.655 7.438 7.510 7.536 7.531 8.484 10.052 10.144 9.289 8.275 7.151 6.576 6.376 6.651 7.244 7.699 8.061 7.929 7.424 6.160 4.335 5.744 9.658 11.395 11.391 11.738
3.246 2.287 2.344 2.709 3.035 3.345 3.328 3.203 2.937 2.628 2.514 2.467 2.448 2.440 2.500 2.584 2.528 2.422 2.458 2.545 2.564 2.557 2.521 2.473 3.111 4.039 4.436 4.599 5.127 5.820 5.717 5.246 5.518 6.143 7.057 8.114 8.757 9.192 9.204 9.007 8.514 7.852 7.234 6.640 6.815 7.421 7.958 8.452 9.110 9.884 9.443 8.252 7.214 6.267 5.614 5.158 5.584 6.588 7.213 7.585 7.939 8.270 7.457 5.831 6.091 7.774 9.075 10.052 10.596
2.975 2.124 2.104 2.332 2.713 3.138 3.137 3.005 2.827 2.632 2.613 2.653 2.596 2.508 2.518 2.564 2.475 2.334 2.501 2.780 2.828 2.785 2.865 2.990 3.962 5.280 5.273 4.721 5.177 6.065 6.075 5.681 5.948 6.528 7.686 9.110 9.712 9.919 9.582 8.966 8.044 6.979 6.588 6.531 7.170 8.192 8.876 9.384 9.648 9.772 8.882 7.391 6.350 5.578 4.949 4.408 4.905 6.074 6.706 6.989 7.688 8.664 8.342 7.114 6.592 6.578 7.426 8.915 9.564
2.789 2.088 1.951 1.975 2.373 2.877 2.859 2.688 2.666 2.686 2.790 2.920 2.823 2.653 2.572 2.522 2.423 2.307 2.613 3.069 3.152 3.099 3.367 3.755 5.063 6.730 5.996 4.304 4.619 5.765 6.194 6.307 6.552 6.862 8.333 10.324 10.907 10.838 10.526 10.093 8.577 6.541 6.546 7.571 8.793 10.121 10.474 10.313 10.063 9.765 8.559 6.837 5.835 5.249 4.871 4.616 5.027 5.855 6.146 6.101 6.744 7.828 8.084 7.777 7.677 7.724 7.992 8.430 8.981
2.811 2.202 2.102 2.133 2.346 2.614 2.621 2.551 2.574 2.625 2.708 2.802 2.766 2.687 2.624 2.567 2.534 2.508 2.763 3.120 3.473 3.814 4.486 5.273 6.771 8.541 6.930 4.023 4.319 5.882 6.575 6.912 7.420 7.988 9.056 10.379 10.899 11.033 11.039 10.980 9.068 6.285 6.506 8.194 9.660 11.021 11.142 10.617 9.955 9.229 7.881 6.183 5.373 5.058 4.923 4.893 5.131 5.537 5.754 5.827 6.393 7.294 7.937 8.403 8.595 8.616 8.313 7.796 8.319
2.886 2.357 2.340 2.447 2.412 2.345 2.399 2.481 2.507 2.517 2.516 2.512 2.582 2.671 2.678 2.659 2.735 2.840 2.929 3.019 3.802 4.806 6.035 7.337 8.929 10.629 8.028 3.851 4.249 6.381 7.193 7.489 8.572 9.961 9.824 9.087 9.489 10.359 11.009 11.556 9.516 6.306 6.445 8.151 9.301 10.190 10.217 9.810 8.868 7.662 6.492 5.330 5.029 5.188 5.279 5.334 5.194 4.953 5.894 7.495 7.962 7.782 8.145 8.831 8.826 8.397 7.574 6.502 7.189
2.580 2.320 2.399 2.557 2.546 2.491 2.556 2.652 2.715 2.768 2.762 2.740 2.750 2.773 2.778 2.777 3.234 3.816 3.392 2.679 3.901 5.724 7.215 8.604 9.765 10.866 8.628 5.160 5.091 6.314 7.036 7.551 8.937 10.668 10.015 8.395 8.736 9.892 10.963 11.992 10.348 7.512 7.508 8.803 9.619 10.204 9.802 8.957 7.882 6.668 5.903 5.356 5.287 5.487 5.729 5.976 5.496 4.632 6.020 8.677 9.142 8.323 8.466 9.199 8.893 7.968 6.838 5.540 6.444
2.150 2.220 2.392 2.587 2.712 2.818 2.880 2.933 3.059 3.202 3.242 3.255 3.116 2.940 2.907 2.912 3.942 5.251 4.055 2.143 3.827 6.588 8.071 9.160 9.379 9.333 8.794 8.039 6.857 5.580 5.999 7.009 8.313 9.735 9.487 8.589 8.909 9.717 10.882 12.187 11.863 10.833 10.611 10.764 11.295 11.985 10.468 7.973 7.167 7.124 7.376 7.762 7.225 6.256 6.478 7.288 6.670 5.320 5.974 7.714 8.690 9.217 9.325 9.218 8.048 6.268 6.215 7.149 8.757
2.224 2.292 2.465 2.659 2.809 2.950 3.046 3.131 3.299 3.486 3.639 3.782 3.624 3.391 3.847 4.464 5.288 6.193 4.829 2.813 4.284 6.789 8.384 9.688 9.201 8.174 8.955 10.290 8.930 6.666 6.713 7.570 8.429 9.300 9.161 8.655 8.972 9.597 10.919 12.508 13.138 13.387 12.987 12.324 12.555 13.173 10.882 7.315 6.519 6.992 8.144 9.578 8.645 6.610 6.828 8.137 7.543 5.982 5.888 6.585 8.104 10.022 10.115 9.233 7.293 4.756 5.709 8.669 10.887
2.510 2.438 2.575 2.751 2.870 2.978 3.127 3.283 3.475 3.675 3.987 4.320 4.235 4.052 5.423 7.156 7.130 6.685 5.731 4.624 5.216 6.298 8.150 10.203 9.260 7.454 9.081 11.726 11.461 10.269 9.855 9.714 9.661 9.646 9.149 8.482 8.853 9.592 11.180 13.076 13.849 14.196 13.738 12.968 12.759 12.787 10.686 7.687 5.997 4.896 6.497 9.259 8.179 5.377 5.451 6.859 7.019 6.564 5.646 4.535 6.527 10.055 10.491 9.335 7.532 5.377 6.104 8.426 10.201
2.660 2.571 2.739 2.951 3.055 3.141 3.228 3.318 3.652 4.029 4.301 4.555 4.470 4.310 5.995 8.112 7.878 7.069 6.700 6.431 6.378 6.394 8.112 10.296 9.348 7.509 9.329 12.229 12.555 12.106 11.604 11.076 10.615 10.169 9.271 8.237 8.547 9.314 10.967 12.940 14.015 14.743 14.196 13.187 12.700 12.403 10.581 8.146 5.850 3.600 5.324 8.765 7.519 4.215 4.247 5.769 6.482 6.848 5.274 2.741 5.221 10.159 10.861 9.444 7.813 6.055 6.521 8.183 9.514
2.737 2.699 2.936 3.217 3.320 3.393 3.340 3.268 3.834 4.515 4.582 4.532 4.379 4.205 5.613 7.369 7.552 7.369 7.739 8.227 7.825 7.218 8.298 9.815 9.502 8.690 9.711 11.258 11.336 10.994 10.987 11.069 11.082 11.069 9.663 7.835 7.822 8.398 9.590 10.996 12.736 14.570 13.790 12.094 11.822 12.062 10.780 8.913 7.342 5.876 6.196 7.276 5.922 3.533 4.092 5.909 5.703 4.632 4.086 3.733 6.516 10.780 11.197 9.771 8.786 8.001 8.070 8.595 9.217
3.246 3.222 3.466 3.751 3.825 3.865 3.743 3.593 4.058 4.641 4.641 4.529 4.403 4.273 5.446 6.887 7.258 7.403 8.096 8.914 8.547 7.894 8.535 9.494 9.542 9.363 9.803 10.405 10.557 10.572 10.778 11.052 11.396 11.755 10.223 8.110 7.652 7.729 8.801 10.155 12.097 14.277 13.298 11.223 10.880 11.184 10.441 9.289 8.513 7.868 6.872 5.763 4.470 3.071 4.171 6.289 5.174 2.708 3.111 4.769 7.759 11.352 11.532 10.112 9.777 9.966 9.598 8.985 8.911
4.042 4.017 4.234 4.485 4.516 4.515 4.392 4.250 4.312 4.416 4.490 4.555 4.549 4.529 5.525 6.717 6.991 7.085 7.532 8.057 8.257 8.373 8.862 9.444 9.362 9.124 9.406 9.817 10.653 11.580 11.418 10.985 11.338 11.899 11.260 10.266 9.049 7.793 9.904 12.998 13.590 13.447 12.522 11.321 9.593 7.729 7.388 7.540 7.768 8.012 6.504 4.373 4.070 4.426 6.517 9.283 8.151 5.463 5.165 5.870 7.902 10.510 11.741 12.331 11.628 10.377 9.318 8.346 7.947
4.581 4.216 4.482 4.824 4.914 4.968 4.921 4.858 4.712 4.554 4.684 4.859 4.895 4.909 5.579 6.375 6.405 6.300 6.890 7.596 8.239 8.871 8.936 8.900 8.908 8.908 9.119 9.381 10.357 11.530 11.559 11.259 11.653 12.240 12.236 12.075 10.198 7.849 10.471 14.556 14.129 12.333 11.464 10.899 8.312 5.021 4.966 6.019 7.092 8.160 6.173 3.113 3.770 5.771 8.727 12.076 10.995 8.170 7.193 6.953 8.027 9.650 11.988 14.588 13.454 10.743 8.993 7.668 6.950
4.901 3.897 4.272 4.803 5.035 5.228 5.329 5.416 5.281 5.117 5.287 5.506 5.495 5.449 5.595 5.783 5.333 4.780 6.141 7.828 8.684 9.384 8.519 7.366 7.896 8.754 9.088 9.313 9.032 8.665 10.399 12.576 13.079 13.192 12.940 12.598 10.507 7.963 8.638 10.226 10.337 10.000 8.778 7.317 7.350 7.767 7.110 6.166 6.906 8.176 6.490 3.817 4.499 6.337 7.527 8.525 8.389 7.793 7.417 7.136 7.116 7.222 9.185 11.885 11.725 10.361 9.972 9.981 9.234
4.968 3.800 4.122 4.605 4.768 4.901 5.165 5.440 5.575 5.681 5.929 6.195 6.064 5.881 5.980 6.106 5.357 4.472 6.133 8.231 8.992 9.529 8.372 6.875 7.493 8.549 9.009 9.338 8.343 7.049 9.931 13.752 14.197 13.876 13.499 13.100 11.035 8.538 7.212 6.237 6.716 7.583 6.258 4.274 6.611 10.233 8.988 6.275 6.739 8.184 6.792 4.504 5.210 6.897 6.282 4.930 5.826 7.458 7.641 7.313 6.160 4.727 6.277 8.961 9.829 9.958 11.078 12.583 11.830
4.796 3.947 4.029 4.204 4.046 3.860 4.284 4.770 5.504 6.255 6.625 6.947 6.583 6.133 7.028 8.091 7.433 6.525 7.582 8.954 8.987 8.814 8.938 9.083 8.648 8.140 8.796 9.657 9.799 9.779 11.778 14.216 14.106 13.453 13.422 13.520 12.731 11.712 8.461 4.724 4.123 4.312 5.326 6.499 7.508 8.526 7.715 6.361 6.868 7.924 6.372 4.037 4.621 6.114 5.610 4.461 5.430 7.102 7.766 8.073 6.690 4.719 5.045 6.232 8.279 10.604 10.422 9.332 9.293
4.805 4.277 4.292 4.349 4.031 3.677 3.801 3.991 5.068 6.235 6.731 7.149 6.714 6.174 7.912 9.920 9.166 8.056 8.874 9.950 9.223 8.246 9.050 10.156 9.227 7.924 8.872 10.210 11.149 12.031 13.092 14.206 13.837 13.141 13.320 13.708 14.064 14.410 9.494 3.362 1.839 1.394 4.511 8.552 8.232 6.776 6.469 6.464 6.989 7.656 5.950 3.570 4.029 5.326 4.946 4.050 5.092 6.745 7.899 8.880 7.314 4.902 3.935 3.495 6.807 11.420 9.466 5.149 5.968
5.034 4.839 5.032 5.250 5.028 4.770 3.910 3.018 4.008 5.169 5.772 6.317 6.099 5.795 8.429 11.381 10.095 8.307 9.806 11.715 10.154 8.136 7.652 7.414 7.931 8.528 10.036 11.688 11.938 11.967 11.884 11.800 12.614 13.563 12.986 12.136 12.323 12.717 8.922 4.212 3.540 3.755 4.683 5.827 5.702 5.247 5.346 5.583 6.196 6.908 6.525 5.820 5.547 5.426 5.277 5.103 5.912 7.026 7.436 7.641 7.745 7.766 7.249 6.564 8.217 10.715 9.796 7.607 7.952
5.323 5.428 5.595 5.773 5.609 5.422 4.244 2.974 3.740 4.682 5.279 5.849 5.877 5.845 8.803 12.093 10.666 8.694 10.384 12.539 10.430 7.771 6.697 5.790 7.381 9.346 11.212 13.069 12.627 11.835 10.740 9.593 11.422 13.784 12.569 10.678 10.663 11.028 8.379 5.099 5.237 6.099 4.805 3.048 3.190 3.737 4.228 4.706 5.404 6.156 7.153 8.183 7.123 5.543 5.683 6.275 6.817 7.357 6.892 6.146 8.201 11.056 11.241 10.597 10.085 9.664 10.453 11.582 11.127
5.700 6.057 5.864 5.651 5.458 5.266 5.052 4.817 5.104 5.440 5.833 6.233 6.622 7.004 8.732 10.610 10.212 9.564 9.719 9.994 8.359 6.492 7.698 9.233 10.175 11.062 12.422 13.853 12.772 11.338 10.233 9.175 10.245 11.674 11.478 10.981 10.196 9.384 7.917 6.299 6.272 6.569 5.646 4.465 4.948 5.779 6.183 6.495 7.111 7.798 8.571 9.372 8.079 6.266 6.719 7.750 8.351 8.837 8.577 8.101 9.802 12.151 12.949 13.263 12.700 11.867 12.088 12.672 11.298
5.507 5.747 5.406 5.037 5.207 5.379 5.760 6.160 6.180 6.171 6.457 6.760 7.376 8.020 8.644 9.277 9.684 10.075 8.889 7.559 6.680 5.807 8.759 12.163 12.561 12.594 13.427 14.380 12.765 10.799 9.727 8.776 9.113 9.640 10.434 11.281 9.701 7.720 7.487 7.530 7.298 7.029 6.499 5.908 6.766 7.908 8.234 8.395 8.950 9.591 10.040 10.452 8.974 7.054 7.837 9.271 9.976 10.497 10.649 10.694 11.600 12.761 14.169 15.624 15.516 14.951 13.959 12.866 10.524
4.247 3.610 3.506 3.412 4.753 6.123 6.186 6.201 6.526 6.860 7.294 7.731 8.130 8.531 8.567 8.590 8.772 8.970 7.454 5.800 6.967 8.348 9.905 11.513 12.246 12.874 12.758 12.579 11.311 9.900 9.229 8.646 9.147 9.795 10.054 10.270 8.666 6.783 7.110 7.780 7.555 7.182 6.873 6.571 7.170 7.943 8.155 8.258 10.095 12.253 11.529 10.233 8.551 6.775 7.496 8.793 9.875 10.896 10.575 9.941 11.185 12.891 14.063 15.111 14.306 13.004 12.727 12.704 10.555
3.668 2.539 2.783 3.041 4.762 6.554 6.210 5.808 6.452 7.132 8.089 9.023 8.841 8.643 8.337 8.005 8.036 8.087 6.409 4.585 7.546 10.895 10.942 10.739 11.824 13.026 12.006 10.761 9.871 9.011 8.731 8.517 9.183 9.952 9.663 9.246 7.632 5.849 6.745 8.025 7.790 7.323 7.231 7.195 7.471 7.808 7.886 7.917 11.193 15.053 12.988 9.791 7.920 6.316 6.878 7.912 9.418 11.019 9.966 8.314 10.191 12.905 13.539 13.666 11.730 9.271 10.392 12.446 10.917
