guam_flood/data/GUAM_flood_UTM_5m.dem.asc
ncols		562
nrows		284
xllcorner	246877.290775
yllcorner	1488880.840658
cellsize	5.000000
NODATA_value	-9999
[rows 124 to 154 of 284, columns 69 to 137 of 562]
4.066 3.432 3.002 2.627 2.479 2.397 2.404 2.437 2.545 2.681 2.767 2.839 3.224 3.711 4.193 4.671 5.025 5.332 5.388 5.350 5.266 5.162 5.059 4.956 4.785 4.585 4.364 4.133 3.548 2.818 2.502 2.364 1.835 1.136 0.658 0.283 0.194 0.239 0.037 -9999.000 -9999.000 -9999.000 -9999.000 -9999.000 -9999.000 -9999.000 -9999.000 -9999.000 -9999.000 -9999.000 -9999.000 -9999.000 -9999.000 -9999.000 -9999.000 -9999.000 -9999.000 -9999.000 -9999.000 -9999.000 -9999.000 -9999.000 -9999.000 -9999.000 -9999.000 -9999.000 -9999.000 -9999.000 -9999.000
3.914 3.174 2.819 2.565 2.446 2.366 2.334 2.316 2.363 2.430 2.485 2.536 2.822 3.184 3.575 3.978 4.292 4.578 4.767 4.918 5.181 5.477 5.579 5.609 5.529 5.408 5.213 4.990 4.476 3.836 3.526 3.359 2.769 1.996 1.472 1.058 0.864 0.775 0.543 0.240 -9999.000 -9999.000 -9999.000 -9999.000 -9999.000 -9999.000 -9999.000 -9999.000 -9999.000 -9999.000 -9999.000 -9999.000 -9999.000 -9999.000 -9999.000 -9999.000 -9999.000 -9999.000 -9999.000 -9999.000 -9999.000 -9999.000 -9999.000 -9999.000 -9999.000 -9999.000 -9999.000 -9999.000 -9999.000
3.802 2.924 2.640 2.502 2.423 2.359 2.282 2.202 2.232 2.292 2.367 2.445 2.566 2.704 2.894 3.102 3.277 3.442 3.740 4.079 4.753 5.536 5.872 6.049 6.015 5.903 5.637 5.314 5.074 4.858 4.558 4.229 3.663 2.997 2.546 2.186 1.779 1.358 1.115 0.948 0.487 -9999.000 -9999.000 -9999.000 -9999.000 -9999.000 -9999.000 -9999.000 -9999.000 -9999.000 -9999.000 -9999.000 -9999.000 -9999.000 -9999.000 -9999.000 -9999.000 -9999.000 -9999.000 -9999.000 -9999.000 -9999.000 -9999.000 -9999.000 -9999.000 -9999.000 -9999.000 -9999.000 -9999.000
3.784 3.256 3.089 3.008 2.819 2.607 2.395 2.185 2.162 2.188 2.269 2.365 2.419 2.461 2.567 2.691 2.830 2.973 3.377 3.862 4.611 5.449 5.935 6.298 6.260 6.087 5.728 5.303 5.197 5.207 5.035 4.788 4.427 4.017 3.630 3.256 2.882 2.498 2.151 1.830 1.299 0.670 0.370 0.227 0.139 0.071 -9999.000 -9999.000 -9999.000 -9999.000 -9999.000 -9999.000 -9999.000 -9999.000 -9999.000 -9999.000 -9999.000 -9999.000 -9999.000 -9999.000 -9999.000 -9999.000 -9999.000 -9999.000 -9999.000 -9999.000 -9999.000 -9999.000 -9999.000
3.799 3.760 3.725 3.692 3.350 2.939 2.565 2.202 2.115 2.097 2.180 2.290 2.324 2.338 2.425 2.532 2.706 2.898 3.422 4.044 4.649 5.253 5.835 6.405 6.318 6.018 5.538 4.999 4.884 4.918 4.976 5.038 5.059 5.060 4.722 4.257 4.228 4.363 3.792 2.943 2.394 1.965 1.382 0.741 0.585 0.640 0.270 -9999.000 -9999.000 -9999.000 -9999.000 -9999.000 -9999.000 -9999.000 -9999.000 -9999.000 -9999.000 -9999.000 -9999.000 -9999.000 -9999.000 -9999.000 -9999.000 -9999.000 -9999.000 -9999.000 -9999.000 -9999.000 -9999.000
3.130 3.216 3.476 3.764 3.610 3.356 3.003 2.627 2.399 2.210 2.299 2.454 2.450 2.407 2.472 2.564 2.721 2.896 3.486 4.192 4.686 5.120 5.703 6.331 6.311 6.083 5.517 4.846 4.772 4.896 5.114 5.364 5.530 5.670 5.468 5.133 5.356 5.794 5.206 4.209 3.624 3.211 2.452 1.543 1.328 1.411 0.833 -9999.000 -9999.000 -9999.000 -9999.000 -9999.000 -9999.000 -9999.000 -9999.000 -9999.000 -9999.000 -9999.000 -9999.000 -9999.000 -9999.000 -9999.000 -9999.000 -9999.000 -9999.000 -9999.000 -9999.000 -9999.000 -9999.000
2.219 2.286 2.892 3.595 3.763 3.817 3.565 3.249 2.846 2.428 2.532 2.755 2.707 2.595 2.641 2.724 2.832 2.947 3.563 4.313 4.723 5.041 5.539 6.089 6.248 6.285 5.668 4.853 4.884 5.181 5.481 5.781 5.784 5.690 5.741 5.834 6.144 6.534 6.271 5.757 5.084 4.357 3.648 2.942 2.685 2.614 1.618 0.240 -9999.000 -9999.000 -9999.000 -9999.000 -9999.000 -9999.000 -9999.000 -9999.000 -9999.000 -9999.000 -9999.000 -9999.000 -9999.000 -9999.000 -9999.000 -9999.000 -9999.000 -9999.000 -9999.000 -9999.000 -9999.000
1.881 1.920 2.430 3.030 3.226 3.345 3.207 3.014 2.791 2.555 2.832 3.217 3.299 3.309 3.221 3.116 3.115 3.139 3.804 4.628 5.040 5.343 5.688 6.051 5.966 5.768 5.312 4.765 5.064 5.616 6.122 6.609 6.753 6.775 6.714 6.647 6.864 7.177 7.147 6.993 6.456 5.767 5.516 5.408 5.072 4.667 2.967 0.772 -9999.000 -9999.000 -9999.000 0.648 0.245 -9999.000 -9999.000 -9999.000 -9999.000 -9999.000 -9999.000 -9999.000 -9999.000 -9999.000 -9999.000 -9999.000 -9999.000 -9999.000 -9999.000 -9999.000 -9999.000
1.799 1.818 2.018 2.255 2.320 2.355 2.318 2.266 2.431 2.631 3.179 3.795 4.141 4.427 4.122 3.694 3.543 3.456 4.196 5.130 5.638 6.040 6.171 6.239 5.416 4.369 4.336 4.565 5.339 6.263 7.170 8.066 8.866 9.627 8.860 7.631 7.461 7.634 7.625 7.552 7.656 7.807 9.019 10.587 10.191 9.085 5.975 2.122 0.529 -9999.000 1.760 4.740 3.410 0.323 -9999.000 -9999.000 -9999.000 -9999.000 -9999.000 -9999.000 -9999.000 0.418 0.352 0.036 -9999.000 -9999.000 -9999.000 -9999.000 -9999.000
1.715 1.741 1.799 1.862 1.885 1.900 1.910 1.919 2.170 2.468 2.980 3.536 4.055 4.564 4.388 4.063 3.990 3.969 4.519 5.208 5.556 5.831 5.640 5.344 4.376 3.221 3.642 4.471 5.423 6.417 7.517 8.647 9.689 10.718 9.975 8.659 8.375 8.420 8.407 8.376 8.927 9.673 11.846 14.522 14.228 12.861 9.160 4.561 2.536 1.512 4.242 8.464 6.285 1.524 -9999.000 -9999.000 -9999.000 -9999.000 0.005 -9999.000 0.389 1.159 1.071 0.600 0.327 0.127 -9999.000 -9999.000 -9999.000
1.632 1.680 1.698 1.713 1.761 1.812 1.841 1.866 1.978 2.108 2.319 2.549 3.138 3.789 4.053 4.234 4.463 4.697 4.752 4.780 4.642 4.474 3.780 2.975 2.673 2.472 3.368 4.530 5.178 5.703 6.589 7.571 7.951 8.179 8.958 9.855 10.037 10.017 9.966 9.905 10.359 10.977 12.475 14.272 14.573 14.348 13.176 11.628 9.656 7.563 8.257 10.018 7.715 3.838 1.680 0.215 0.239 0.862 0.682 0.172 1.060 2.533 2.280 1.276 1.561 2.410 1.825 0.591 -9999.000
1.662 1.781 1.717 1.631 1.674 1.735 2.057 2.406 2.202 1.924 1.938 1.998 2.480 3.040 3.447 3.829 4.159 4.481 4.375 4.177 3.925 3.655 2.768 1.745 1.862 2.233 3.287 4.507 4.816 4.909 5.505 6.234 6.226 6.017 7.766 10.058 10.709 10.885 11.109 11.328 11.710 12.152 13.122 14.250 14.951 15.531 16.435 17.454 15.716 13.004 11.991 11.584 9.227 6.160 3.691 1.444 1.257 1.871 1.427 0.548 1.774 3.901 3.474 1.943 2.815 4.714 3.758 1.549 0.465
1.771 2.000 1.822 1.598 1.617 1.665 2.529 3.490 2.808 1.906 1.845 1.909 2.098 2.312 2.511 2.709 2.861 3.009 3.177 3.342 3.517 3.688 3.138 2.440 2.579 2.894 3.558 4.306 4.222 3.955 4.070 4.281 4.573 4.874 5.985 7.319 8.433 9.472 10.890 12.392 12.761 12.818 13.913 15.306 15.378 15.066 15.293 15.696 15.209 14.400 13.947 13.620 11.346 8.398 6.077 3.978 3.625 3.920 3.922 3.798 3.771 3.819 3.681 3.435 4.296 5.632 4.822 3.084 1.728
1.759 1.971 1.816 1.619 1.615 1.633 2.516 3.515 2.807 1.867 1.816 1.888 1.904 1.911 1.965 2.026 2.049 2.065 2.339 2.660 3.040 3.434 3.199 2.842 3.133 3.545 3.795 4.026 3.646 3.135 2.919 2.767 3.297 3.983 4.497 4.975 6.314 7.881 10.191 12.700 13.199 13.140 14.409 16.049 15.608 14.563 14.239 14.124 14.778 15.681 15.725 15.495 13.353 10.571 8.425 6.491 5.976 5.963 6.432 7.063 5.729 3.698 3.912 4.958 5.769 6.503 5.865 4.655 3.023
1.641 1.720 1.713 1.696 1.667 1.639 1.972 2.356 2.131 1.822 1.865 1.953 1.967 1.971 1.986 2.004 1.996 1.985 2.099 2.237 2.421 2.617 2.639 2.625 3.339 4.179 3.963 3.559 3.131 2.697 2.616 2.605 3.197 3.917 4.101 4.171 4.752 5.466 7.231 9.259 10.538 11.608 13.119 14.750 14.575 13.903 14.041 14.400 14.773 15.162 15.038 14.759 13.147 11.107 9.431 7.870 7.308 7.084 7.294 7.659 6.652 5.148 5.239 5.925 6.335 6.647 6.292 5.667 4.339
2.061 1.678 1.745 1.849 1.758 1.652 1.664 1.689 1.747 1.808 1.897 1.990 1.996 1.992 2.000 2.008 1.968 1.922 1.928 1.942 1.989 2.041 2.213 2.407 3.307 4.334 3.843 3.075 2.689 2.371 2.400 2.497 3.082 3.771 3.681 3.425 3.391 3.401 4.569 6.020 7.895 9.883 11.550 13.147 13.405 13.271 13.840 14.617 14.712 14.616 14.346 14.024 12.956 11.657 10.445 9.256 8.636 8.201 8.138 8.201 7.560 6.668 6.609 6.850 6.832 6.726 6.674 6.631 5.662
3.027 1.850 1.925 2.089 1.894 1.673 1.674 1.694 1.758 1.826 1.904 1.982 1.970 1.949 2.002 2.064 1.987 1.894 1.909 1.938 1.994 2.054 2.112 2.172 2.585 3.062 2.878 2.577 2.494 2.445 2.507 2.590 2.897 3.253 3.179 3.018 3.248 3.555 3.905 4.285 5.227 6.307 7.283 8.244 10.481 12.980 13.457 13.448 13.449 13.449 13.410 13.356 12.507 11.432 10.495 9.594 9.006 8.515 8.406 8.416 7.993 7.426 7.347 7.434 7.206 6.873 6.753 6.708 6.166
3.566 1.879 1.933 2.097 1.901 1.678 1.683 1.706 1.764 1.825 1.901 1.977 1.949 1.911 1.982 2.066 1.990 1.895 1.928 1.975 2.019 2.063 2.029 1.983 2.014 2.056 2.108 2.163 2.308 2.469 2.553 2.624 2.696 2.767 2.714 2.637 3.081 3.631 3.235 2.643 2.698 2.891 3.187 3.501 7.640 12.684 13.037 12.264 12.187 12.285 12.479 12.693 12.062 11.204 10.531 9.905 9.337 8.787 8.638 8.607 8.393 8.117 8.017 7.975 7.560 7.027 6.782 6.635 6.534
3.582 1.735 1.707 1.773 1.723 1.663 1.694 1.730 1.761 1.791 1.881 1.976 1.936 1.884 1.908 1.939 1.959 1.975 2.050 2.130 2.100 2.059 2.012 1.965 2.032 2.113 2.101 2.077 2.142 2.221 2.273 2.322 2.427 2.540 2.508 2.451 2.648 2.895 2.709 2.435 2.468 2.564 3.005 3.514 6.043 9.039 9.083 8.464 9.432 10.747 11.644 12.433 11.602 10.374 9.882 9.574 9.297 9.024 8.312 7.493 7.640 8.052 7.918 7.628 7.334 7.032 6.825 6.649 6.624
3.174 1.613 1.570 1.590 1.639 1.689 1.716 1.743 1.777 1.810 1.873 1.941 1.933 1.917 1.936 1.956 2.020 2.090 2.206 2.324 2.281 2.216 2.085 1.956 2.037 2.144 2.082 1.997 1.995 2.003 2.025 2.048 2.174 2.317 2.308 2.273 2.228 2.182 2.204 2.237 2.240 2.236 2.827 3.530 4.407 5.355 5.133 4.658 6.680 9.223 10.823 12.201 11.134 9.498 9.187 9.193 9.227 9.263 7.902 6.189 6.734 7.880 7.684 7.114 6.999 7.011 6.870 6.684 6.642
2.132 1.540 1.589 1.657 1.724 1.790 1.762 1.730 1.838 1.952 1.889 1.818 1.960 2.112 2.259 2.403 2.364 2.313 2.480 2.663 2.860 3.053 2.548 1.982 1.974 2.026 2.001 1.966 1.992 2.025 2.034 2.040 2.085 2.136 2.167 2.195 2.163 2.122 2.158 2.205 2.254 2.303 2.569 2.882 3.321 3.790 3.774 3.657 5.778 8.357 9.430 10.196 9.480 8.423 8.037 7.811 7.557 7.301 6.413 5.351 6.118 7.362 7.271 6.818 6.805 6.913 6.822 6.672 6.646
1.482 1.534 1.621 1.710 1.779 1.848 1.799 1.745 1.874 2.014 1.887 1.744 2.018 2.312 2.504 2.695 2.590 2.462 2.656 2.876 3.253 3.646 2.879 2.000 1.923 1.922 1.929 1.938 1.987 2.040 2.047 2.045 2.004 1.960 2.032 2.119 2.098 2.062 2.111 2.173 2.270 2.371 2.303 2.216 2.240 2.291 2.541 2.819 4.998 7.539 7.972 8.000 7.708 7.337 6.819 6.276 5.623 4.951 4.742 4.623 5.562 6.762 6.819 6.582 6.647 6.792 6.746 6.646 6.646
1.553 1.630 1.680 1.730 1.765 1.800 1.819 1.836 1.836 1.838 1.838 1.836 2.170 2.518 2.448 2.363 2.324 2.287 2.359 2.441 2.595 2.758 2.411 2.016 1.961 1.936 1.928 1.923 1.942 1.964 2.123 2.293 2.174 2.025 2.065 2.128 2.105 2.071 2.080 2.097 2.164 2.238 2.193 2.128 2.199 2.289 2.462 2.650 3.955 5.478 5.822 5.943 6.012 6.065 5.551 4.924 4.283 3.637 3.581 3.654 4.608 5.764 6.014 6.043 6.527 7.113 7.224 7.213 7.190
1.609 1.690 1.721 1.750 1.754 1.758 1.831 1.905 1.808 1.707 1.804 1.907 2.264 2.632 2.369 2.077 2.097 2.131 2.095 2.054 2.003 1.951 1.992 2.039 2.003 1.958 1.934 1.912 1.899 1.888 2.200 2.544 2.342 2.088 2.098 2.138 2.112 2.080 2.048 2.018 2.053 2.096 2.092 2.081 2.242 2.426 2.498 2.555 2.859 3.224 3.574 3.915 4.335 4.762 4.273 3.611 3.084 2.582 2.550 2.616 3.537 4.643 5.099 5.404 6.428 7.610 7.923 8.025 7.968
1.632 1.659 1.717 1.774 1.753 1.731 1.812 1.893 1.827 1.759 1.819 1.881 2.083 2.291 2.191 2.078 2.085 2.096 2.079 2.060 2.013 1.966 2.001 2.041 2.088 2.133 2.062 1.984 1.931 1.881 2.166 2.479 2.371 2.222 2.170 2.129 2.125 2.124 2.096 2.065 2.077 2.094 2.096 2.096 2.187 2.293 2.343 2.385 2.498 2.622 2.845 3.085 3.416 3.765 3.439 2.988 2.714 2.467 2.411 2.394 3.170 4.108 4.793 5.418 6.277 7.200 7.583 7.838 7.790
1.654 1.651 1.717 1.784 1.786 1.785 1.827 1.874 1.842 1.810 1.839 1.868 1.930 1.992 2.038 2.083 2.074 2.065 2.064 2.064 2.057 2.038 2.040 2.053 2.179 2.311 2.190 2.056 1.963 1.873 2.131 2.414 2.400 2.360 2.241 2.117 2.138 2.171 2.149 2.122 2.113 2.107 2.112 2.118 2.117 2.116 2.157 2.203 2.281 2.363 2.447 2.533 2.682 2.844 2.734 2.574 2.605 2.665 2.578 2.467 3.067 3.803 4.745 5.721 6.088 6.344 6.728 7.134 7.095
1.677 1.717 1.727 1.744 1.958 2.163 1.990 1.824 1.841 1.858 1.896 1.935 1.983 2.032 2.057 2.082 2.083 2.083 2.060 2.036 2.684 3.337 2.903 2.440 2.516 2.616 3.244 3.883 2.920 1.888 2.125 2.437 2.297 2.128 2.526 2.955 2.616 2.223 2.173 2.153 2.155 2.160 2.206 2.256 2.212 2.157 2.190 2.233 2.268 2.304 2.341 2.378 2.418 2.459 2.452 2.436 2.518 2.617 2.562 2.481 2.864 3.333 4.061 4.844 4.994 5.023 5.327 5.690 5.797
1.695 1.763 1.755 1.756 2.136 2.499 2.173 1.850 1.915 1.978 1.983 1.996 2.032 2.068 2.075 2.081 2.090 2.099 2.056 2.011 3.317 4.649 3.756 2.817 2.853 2.920 4.316 5.746 3.880 1.886 2.120 2.466 2.183 1.866 2.841 3.887 3.136 2.267 2.193 2.180 2.199 2.220 2.316 2.417 2.341 2.247 2.275 2.317 2.311 2.300 2.322 2.349 2.308 2.259 2.325 2.405 2.437 2.463 2.468 2.468 2.608 2.776 3.032 3.311 3.389 3.431 3.586 3.765 4.101
1.683 1.728 1.868 2.013 2.324 2.623 2.506 2.394 2.545 2.683 2.332 1.994 2.034 2.073 2.079 2.086 2.068 2.049 2.101 2.151 2.828 3.523 3.054 2.560 3.004 3.460 4.192 4.945 3.554 2.079 2.359 2.709 2.290 1.838 2.533 3.297 2.871 2.363 2.318 2.305 2.261 2.216 2.265 2.322 2.401 2.477 2.412 2.337 2.323 2.315 2.342 2.372 2.339 2.297 2.365 2.447 2.461 2.466 2.481 2.497 2.530 2.567 2.619 2.673 2.690 2.702 2.772 2.854 3.168
1.822 1.808 2.043 2.283 2.525 2.762 2.847 2.935 3.179 3.391 2.723 2.063 2.062 2.077 2.084 2.091 2.045 2.000 2.147 2.292 2.326 2.372 2.338 2.295 3.156 4.019 3.987 3.953 3.143 2.302 2.621 2.976 2.423 1.840 2.125 2.456 2.479 2.478 2.464 2.450 2.326 2.197 2.172 2.156 2.445 2.754 2.563 2.332 2.326 2.339 2.376 2.416 2.431 2.443 2.481 2.522 2.540 2.554 2.551 2.547 2.560 2.576 2.609 2.645 2.627 2.601 2.666 2.744 2.854
2.854 2.597 2.622 2.659 2.837 3.017 3.222 3.436 3.858 4.251 4.040 3.798 2.925 2.094 2.091 2.086 2.040 1.995 2.067 2.158 3.832 5.463 4.949 4.444 4.787 5.142 5.460 5.769 4.392 3.005 2.757 2.543 2.340 2.128 2.252 2.388 2.467 2.544 2.507 2.467 2.354 2.238 2.212 2.191 2.371 2.569 2.427 2.257 2.262 2.282 2.323 2.366 2.462 2.560 2.558 2.546 2.547 2.550 2.558 2.566 2.581 2.596 2.626 2.656 2.641 2.619 2.677 2.747 2.760
