guam_flood/data/GUAM_flood_UTM_5m.dem.asc
ncols		562
nrows		284
xllcorner	246877.290775
yllcorner	1488880.840658
cellsize	5.000000
NODATA_value	-9999
[rows 186 to 216 of 284, columns 345 to 413 of 562]
6.441 6.413 6.880 7.779 7.920 7.385 7.188 7.300 7.731 8.460 8.663 8.373 7.847 7.082 6.938 7.405 7.645 7.664 7.532 7.240 7.008 6.843 6.861 7.082 6.605 5.342 4.266 3.404 2.701 2.181 1.808 1.619 1.471 1.376 1.202 0.928 0.661 0.404 0.206 0.086 0.000 0.000 0.000 0.000 0.000 0.097 0.221 0.362 0.464 0.506 0.576 0.692 0.774 0.804 0.836 0.872 0.916 0.973 0.995 0.956 0.914 0.867 0.824 0.791 0.747 0.683 0.650 0.675 0.763
6.663 6.653 7.025 7.727 7.743 7.161 7.075 7.424 7.792 8.189 8.119 7.604 6.975 6.234 6.129 6.656 6.992 7.128 7.273 7.419 7.124 6.389 6.137 6.392 5.933 4.674 3.487 2.392 1.672 1.381 1.255 1.324 1.331 1.269 1.115 0.846 0.583 0.329 0.151 0.071 0.000 0.000 0.000 0.000 0.000 0.079 0.188 0.310 0.406 0.463 0.546 0.670 0.752 0.770 0.792 0.819 0.858 0.917 0.940 0.900 0.859 0.816 0.779 0.753 0.703 0.611 0.546 0.531 0.582
7.061 7.075 7.258 7.583 7.386 6.751 6.798 7.423 7.576 7.329 6.971 6.506 6.062 5.633 5.512 5.691 5.956 6.297 6.901 7.757 7.288 5.502 4.625 4.679 4.321 3.515 2.500 1.268 0.594 0.538 0.665 1.002 1.132 1.025 0.866 0.643 0.419 0.195 0.062 0.041 0.009 0.000 0.000 0.000 0.031 0.108 0.177 0.235 0.304 0.390 0.493 0.625 0.719 0.758 0.786 0.798 0.823 0.869 0.893 0.879 0.848 0.788 0.734 0.688 0.627 0.539 0.469 0.432 0.412
7.948 7.715 7.530 7.386 7.104 6.700 6.896 7.592 7.590 7.002 6.769 6.830 6.786 6.655 6.233 5.569 5.713 6.580 7.252 7.763 7.079 5.203 3.990 3.461 3.035 2.692 1.925 0.718 0.092 0.096 0.281 0.666 0.819 0.706 0.579 0.433 0.280 0.118 0.039 0.060 0.056 0.021 0.012 0.036 0.068 0.110 0.141 0.156 0.213 0.329 0.456 0.598 0.705 0.760 0.792 0.790 0.801 0.829 0.850 0.859 0.836 0.762 0.694 0.632 0.562 0.478 0.404 0.347 0.265
9.005 8.431 7.812 7.162 6.860 6.816 7.169 7.842 7.722 6.961 7.104 7.987 8.497 8.695 7.812 6.006 6.038 7.690 8.128 7.481 6.585 5.430 4.122 2.689 2.060 2.203 1.779 0.788 0.226 0.113 0.136 0.304 0.359 0.287 0.238 0.214 0.179 0.132 0.123 0.161 0.168 0.137 0.112 0.094 0.074 0.052 0.049 0.072 0.150 0.302 0.460 0.627 0.749 0.808 0.839 0.832 0.827 0.825 0.828 0.839 0.817 0.748 0.683 0.625 0.562 0.489 0.430 0.394 0.362
8.298 7.898 7.650 7.502 7.550 7.751 7.773 7.677 7.255 6.562 6.947 8.197 9.125 9.781 8.834 6.545 6.226 7.622 7.590 6.286 5.307 4.618 3.499 1.973 1.375 1.670 1.438 0.686 0.233 0.082 0.014 0.033 0.024 0.000 0.000 0.055 0.110 0.157 0.213 0.280 0.304 0.280 0.237 0.175 0.096 0.000 0.000 0.000 0.098 0.289 0.478 0.663 0.797 0.861 0.893 0.882 0.861 0.829 0.814 0.822 0.801 0.736 0.675 0.619 0.563 0.503 0.460 0.447 0.466
6.798 6.780 7.288 8.152 8.743 9.147 8.551 7.240 6.412 5.933 6.446 7.725 8.955 10.138 9.425 7.183 6.268 6.472 5.746 4.220 3.234 2.714 2.083 1.346 1.017 1.073 0.851 0.360 0.073 0.000 0.000 0.000 0.000 0.000 0.000 0.000 0.097 0.203 0.316 0.436 0.494 0.485 0.427 0.315 0.163 0.000 0.000 0.000 0.082 0.326 0.543 0.724 0.860 0.935 0.976 0.972 0.944 0.883 0.842 0.828 0.797 0.741 0.683 0.622 0.575 0.547 0.546 0.586 0.682
6.131 6.310 6.722 7.310 8.087 8.977 8.563 7.222 6.353 5.836 6.188 7.189 8.210 9.252 8.744 7.005 5.902 5.321 4.502 3.465 2.574 1.831 1.291 0.919 0.691 0.587 0.397 0.124 0.000 0.000 0.000 0.000 0.000 0.000 0.000 0.000 0.103 0.250 0.412 0.589 0.696 0.728 0.669 0.513 0.278 0.000 0.000 0.000 0.078 0.383 0.631 0.813 0.948 1.026 1.070 1.070 1.031 0.942 0.874 0.833 0.790 0.744 0.690 0.624 0.587 0.591 0.632 0.725 0.900
5.935 6.220 6.006 5.488 6.209 7.730 8.048 7.542 6.897 6.165 6.126 6.587 6.925 7.181 6.834 6.015 5.121 4.184 3.962 4.278 3.632 2.236 1.303 0.748 0.416 0.270 0.143 0.029 0.000 0.000 0.000 0.000 0.000 0.000 0.000 0.019 0.153 0.299 0.492 0.733 0.931 1.085 1.078 0.903 0.565 0.053 0.000 0.000 0.125 0.528 0.840 1.048 1.181 1.225 1.238 1.213 1.152 1.046 0.940 0.832 0.754 0.714 0.665 0.605 0.573 0.581 0.630 0.737 0.901
6.040 6.103 5.587 4.705 5.248 6.709 7.474 7.769 7.275 6.263 5.989 6.216 6.105 5.763 5.378 4.961 4.335 3.541 3.638 4.431 3.824 2.120 1.051 0.487 0.154 0.010 0.000 0.000 0.000 0.000 0.000 0.000 0.000 0.000 0.000 0.044 0.185 0.343 0.565 0.851 1.145 1.446 1.507 1.328 0.936 0.317 0.001 0.017 0.255 0.732 1.081 1.290 1.407 1.416 1.397 1.346 1.263 1.142 0.999 0.829 0.719 0.684 0.640 0.586 0.560 0.572 0.629 0.750 0.900
6.348 5.958 5.407 4.753 5.021 5.863 6.850 7.911 7.492 6.132 5.784 6.099 5.804 5.103 4.442 3.810 3.563 3.575 3.578 3.592 2.732 1.206 0.378 0.082 0.000 0.000 0.000 0.000 0.000 0.002 0.019 0.023 0.000 0.000 0.000 0.010 0.163 0.378 0.614 0.870 1.274 1.815 2.027 1.918 1.731 1.461 1.165 0.851 0.903 1.334 1.566 1.586 1.575 1.529 1.454 1.345 1.224 1.085 0.946 0.804 0.720 0.704 0.677 0.637 0.608 0.591 0.612 0.682 0.785
6.289 5.772 5.267 4.769 5.191 6.140 7.099 8.084 7.653 6.331 5.911 6.074 5.525 4.514 3.555 2.633 2.580 3.117 3.104 2.702 1.807 0.551 0.000 0.000 0.000 0.000 0.000 0.000 0.014 0.133 0.187 0.190 0.127 0.009 0.000 0.000 0.159 0.440 0.684 0.898 1.362 2.059 2.399 2.395 2.421 2.477 2.213 1.633 1.525 1.901 2.018 1.863 1.736 1.638 1.508 1.345 1.184 1.028 0.893 0.780 0.721 0.724 0.714 0.690 0.656 0.611 0.593 0.610 0.663
5.924 5.557 5.163 4.753 5.779 7.601 8.260 8.266 7.762 6.940 6.444 6.157 5.280 4.032 2.738 1.417 1.249 1.833 1.948 1.745 1.193 0.395 0.000 0.000 0.000 0.000 0.000 0.000 0.136 0.415 0.516 0.481 0.395 0.267 0.153 0.054 0.221 0.611 0.851 0.963 1.208 1.574 1.885 2.137 2.320 2.440 2.320 1.970 1.879 2.045 2.054 1.902 1.770 1.659 1.525 1.367 1.211 1.056 0.929 0.831 0.769 0.751 0.728 0.699 0.642 0.554 0.505 0.506 0.531
6.041 5.645 5.248 4.849 5.942 7.854 8.304 7.929 7.325 6.602 6.054 5.600 4.658 3.417 2.067 0.644 0.387 0.876 1.023 0.946 0.674 0.267 0.027 0.000 0.000 0.000 0.000 0.000 0.271 0.751 0.889 0.775 0.693 0.627 0.455 0.206 0.336 0.775 0.992 1.021 1.071 1.139 1.421 1.893 2.212 2.392 2.415 2.292 2.214 2.180 2.088 1.940 1.804 1.680 1.541 1.389 1.237 1.085 0.966 0.883 0.819 0.778 0.740 0.705 0.624 0.490 0.412 0.399 0.397
6.656 6.056 5.544 5.076 5.560 6.552 6.906 6.909 6.098 4.854 4.264 4.034 3.422 2.586 1.675 0.718 0.438 0.579 0.582 0.496 0.361 0.192 0.117 0.106 0.049 0.000 0.000 0.000 0.447 1.283 1.428 1.077 1.128 1.469 1.341 0.863 0.734 0.880 0.979 1.035 1.104 1.183 1.408 1.757 2.005 2.166 2.224 2.188 2.152 2.115 2.032 1.906 1.773 1.633 1.492 1.348 1.209 1.075 0.965 0.878 0.816 0.780 0.730 0.666 0.571 0.442 0.353 0.310 0.294
6.683 6.234 5.609 4.908 4.804 5.004 5.257 5.532 4.742 3.383 2.827 2.711 2.345 1.837 1.312 0.774 0.509 0.406 0.286 0.158 0.121 0.139 0.221 0.340 0.290 0.134 0.078 0.085 0.703 1.746 1.887 1.391 1.560 2.213 2.116 1.463 1.111 0.988 0.979 1.057 1.140 1.228 1.393 1.621 1.801 1.941 2.034 2.086 2.089 2.051 1.977 1.872 1.740 1.586 1.441 1.304 1.179 1.065 0.961 0.868 0.808 0.779 0.718 0.621 0.515 0.397 0.299 0.224 0.197
5.972 6.116 5.348 4.169 3.502 3.086 3.192 3.548 3.180 2.438 2.054 1.860 1.582 1.257 0.999 0.774 0.643 0.567 0.383 0.138 0.086 0.147 0.363 0.672 0.679 0.499 0.602 0.880 1.299 1.820 1.945 1.793 1.919 2.243 2.105 1.636 1.342 1.177 1.127 1.161 1.212 1.277 1.402 1.575 1.707 1.805 1.882 1.939 1.952 1.928 1.863 1.765 1.644 1.503 1.392 1.307 1.207 1.094 0.990 0.897 0.823 0.769 0.699 0.610 0.508 0.391 0.282 0.182 0.128
5.156 5.361 4.473 3.092 2.194 1.512 1.541 1.908 1.854 1.592 1.348 1.112 0.912 0.730 0.716 0.786 0.802 0.788 0.602 0.317 0.199 0.186 0.480 0.949 1.004 0.810 1.058 1.575 1.817 1.886 2.007 2.163 2.238 2.258 2.094 1.804 1.565 1.362 1.272 1.263 1.284 1.326 1.411 1.528 1.611 1.668 1.729 1.793 1.815 1.803 1.747 1.654 1.544 1.419 1.345 1.315 1.240 1.127 1.024 0.930 0.841 0.757 0.679 0.606 0.510 0.394 0.274 0.151 0.065
4.148 3.546 2.572 1.433 0.897 0.620 0.715 0.982 1.020 0.949 0.805 0.626 0.476 0.339 0.505 0.818 1.039 1.211 1.263 1.248 0.888 0.350 0.467 0.945 1.006 0.827 1.086 1.603 1.857 1.954 2.060 2.174 2.206 2.187 2.053 1.844 1.654 1.476 1.383 1.349 1.362 1.408 1.454 1.502 1.544 1.583 1.639 1.707 1.728 1.712 1.661 1.582 1.491 1.391 1.344 1.342 1.275 1.152 1.038 0.934 0.845 0.771 0.686 0.592 0.498 0.403 0.293 0.169 0.076
3.318 2.140 1.163 0.261 0.002 0.012 0.119 0.271 0.361 0.421 0.359 0.239 0.138 0.046 0.379 0.914 1.288 1.587 1.934 2.291 1.728 0.696 0.597 1.006 1.043 0.873 1.129 1.629 1.890 2.012 2.104 2.179 2.171 2.114 2.013 1.886 1.743 1.591 1.494 1.435 1.441 1.491 1.497 1.474 1.477 1.499 1.551 1.625 1.644 1.623 1.577 1.513 1.444 1.370 1.350 1.373 1.309 1.175 1.049 0.931 0.847 0.792 0.700 0.575 0.481 0.415 0.322 0.203 0.111
2.856 1.589 0.787 0.160 0.020 0.075 0.107 0.132 0.173 0.220 0.207 0.167 0.132 0.100 0.562 1.249 1.575 1.732 2.641 3.902 3.466 2.190 1.657 1.514 1.348 1.168 1.312 1.633 1.825 1.943 2.025 2.088 2.076 2.021 1.938 1.839 1.727 1.605 1.524 1.469 1.452 1.461 1.450 1.425 1.422 1.436 1.471 1.521 1.538 1.529 1.489 1.425 1.358 1.287 1.270 1.295 1.256 1.165 1.064 0.957 0.874 0.813 0.724 0.609 0.526 0.470 0.400 0.317 0.261
2.338 1.060 0.481 0.154 0.147 0.261 0.221 0.123 0.100 0.108 0.129 0.154 0.208 0.268 0.809 1.569 1.817 1.834 3.211 5.230 4.940 3.529 2.633 1.993 1.650 1.459 1.489 1.636 1.760 1.873 1.946 1.998 1.982 1.928 1.864 1.794 1.710 1.619 1.552 1.501 1.460 1.425 1.398 1.374 1.368 1.374 1.390 1.415 1.429 1.435 1.399 1.334 1.265 1.192 1.173 1.194 1.183 1.147 1.080 0.990 0.908 0.834 0.751 0.662 0.592 0.540 0.498 0.464 0.460
1.690 0.596 0.357 0.412 0.596 0.828 0.758 0.576 0.447 0.338 0.343 0.392 0.655 1.003 1.380 1.778 1.806 1.675 2.664 4.160 4.137 3.403 2.790 2.237 1.904 1.678 1.633 1.679 1.734 1.793 1.834 1.864 1.846 1.800 1.743 1.679 1.614 1.546 1.499 1.463 1.418 1.367 1.336 1.317 1.302 1.290 1.287 1.289 1.303 1.323 1.296 1.237 1.180 1.125 1.121 1.154 1.162 1.152 1.101 1.021 0.942 0.864 0.791 0.724 0.686 0.672 0.657 0.642 0.669
1.154 0.287 0.338 0.697 1.072 1.447 1.333 1.049 0.825 0.622 0.606 0.663 1.059 1.596 1.822 1.918 1.774 1.527 2.136 3.118 3.361 3.276 2.935 2.474 2.153 1.896 1.775 1.721 1.706 1.712 1.721 1.731 1.709 1.671 1.620 1.562 1.513 1.469 1.440 1.419 1.371 1.307 1.273 1.258 1.232 1.201 1.178 1.160 1.174 1.207 1.189 1.138 1.098 1.065 1.082 1.132 1.157 1.163 1.124 1.051 0.975 0.897 0.837 0.790 0.793 0.834 0.845 0.834 0.883
0.969 0.487 0.670 1.065 1.642 2.273 2.083 1.619 1.373 1.202 1.153 1.149 1.123 1.097 1.261 1.492 1.552 1.540 1.995 2.646 2.844 2.848 2.657 2.379 2.159 1.965 1.830 1.722 1.661 1.621 1.614 1.623 1.603 1.568 1.542 1.519 1.483 1.440 1.398 1.358 1.321 1.286 1.251 1.217 1.177 1.135 1.104 1.080 1.093 1.128 1.121 1.087 1.068 1.057 1.090 1.151 1.174 1.173 1.137 1.077 1.012 0.944 0.894 0.857 0.881 0.951 0.982 0.984 1.036
0.790 0.673 0.944 1.337 2.048 2.862 2.657 2.112 1.872 1.736 1.653 1.590 1.177 0.637 0.745 1.092 1.342 1.555 1.847 2.170 2.329 2.422 2.384 2.288 2.167 2.036 1.883 1.723 1.614 1.528 1.507 1.516 1.498 1.468 1.468 1.483 1.459 1.417 1.359 1.293 1.272 1.273 1.236 1.179 1.125 1.073 1.038 1.012 1.024 1.060 1.065 1.052 1.055 1.067 1.115 1.186 1.201 1.180 1.145 1.101 1.051 0.998 0.957 0.924 0.958 1.041 1.088 1.106 1.147
0.617 0.766 0.931 1.105 1.520 2.012 2.120 2.100 1.999 1.874 1.731 1.585 1.248 0.845 0.903 1.124 1.312 1.487 1.696 1.919 2.052 2.150 2.155 2.123 2.043 1.942 1.825 1.699 1.610 1.536 1.500 1.483 1.456 1.425 1.413 1.410 1.381 1.339 1.274 1.199 1.184 1.201 1.177 1.132 1.091 1.053 1.028 1.011 1.015 1.032 1.046 1.059 1.074 1.092 1.129 1.177 1.176 1.145 1.116 1.088 1.055 1.017 0.995 0.982 1.013 1.077 1.131 1.176 1.221
0.473 0.862 0.935 0.922 1.061 1.244 1.635 2.086 2.107 1.997 1.801 1.578 1.321 1.053 1.058 1.155 1.282 1.419 1.544 1.666 1.775 1.878 1.928 1.957 1.913 1.842 1.761 1.675 1.610 1.553 1.503 1.457 1.421 1.390 1.360 1.331 1.293 1.251 1.181 1.098 1.088 1.114 1.106 1.082 1.062 1.045 1.037 1.032 1.026 1.018 1.042 1.083 1.108 1.124 1.136 1.146 1.126 1.086 1.065 1.054 1.037 1.015 1.017 1.034 1.052 1.073 1.128 1.205 1.265
0.480 0.943 1.089 1.153 1.235 1.324 1.605 1.941 1.957 1.881 1.735 1.567 1.366 1.155 1.144 1.197 1.277 1.367 1.454 1.541 1.619 1.695 1.760 1.821 1.797 1.742 1.668 1.587 1.538 1.500 1.454 1.404 1.368 1.337 1.312 1.290 1.243 1.185 1.115 1.039 1.028 1.049 1.048 1.036 1.028 1.022 1.025 1.031 1.018 0.993 1.005 1.036 1.063 1.088 1.093 1.088 1.080 1.069 1.060 1.051 1.035 1.015 1.025 1.053 1.072 1.085 1.137 1.215 1.278
0.574 1.060 1.255 1.382 1.405 1.403 1.575 1.794 1.809 1.767 1.670 1.557 1.412 1.258 1.229 1.238 1.272 1.315 1.366 1.420 1.469 1.516 1.596 1.688 1.682 1.642 1.572 1.491 1.456 1.438 1.396 1.346 1.310 1.279 1.266 1.259 1.202 1.126 1.058 0.993 0.980 0.991 0.993 0.991 0.991 0.993 1.004 1.021 1.001 0.963 0.950 0.951 0.977 1.015 1.022 1.013 1.037 1.080 1.085 1.069 1.046 1.018 1.022 1.044 1.076 1.114 1.157 1.205 1.258
1.503 1.564 1.567 1.558 1.529 1.496 1.585 1.706 1.719 1.704 1.625 1.529 1.410 1.284 1.266 1.279 1.317 1.363 1.377 1.382 1.426 1.481 1.534 1.588 1.577 1.544 1.477 1.398 1.367 1.354 1.314 1.264 1.227 1.196 1.188 1.189 1.140 1.070 1.024 0.988 0.969 0.958 0.958 0.962 0.974 0.990 0.986 0.975 0.952 0.923 0.901 0.881 0.899 0.936 0.943 0.936 0.970 1.026 1.041 1.031 1.014 0.992 0.999 1.023 1.060 1.106 1.146 1.183 1.227
